354
3640
7793
1187
104
9932
1425
4648
1557
7892
6720
1792
4833
3622
2903
6021
6208
2775
4124
898
3117
9331
9256
126
8876
9159
9769
1912
7043
584
63
8653
8681
7218
7424
9032
3640
1725
81
2626
3507
7651
6695
1535
587
236
2082
3848
3989
4193
5024
6019
6110
9665
6420
3490
7394
4224
1398
4938
4085
1305
5866
3002
4880
3702
1102
9563
3499
5809
9032
4367
8244
7604
6404
1542
1823
3292
3071
7258
290
4237
259
116
3569
3227
545
1745
4874
4585
9728
7686
5873
8049
8868
31
8985
1800
9681
7620
1632
9445
797
3924
8824
3926
5285
2728
9145
4380
9801
1649
8405
8271
367
1582
9261
6400
4938
7746
905
6505
212
9383
2270
4897
1906
4126
370
8815
4178
6707
6499
3930
5084
6118
6112
6779
8221
4579
2125
5084
306
1150
7468
8858
1966
317
5426
7816
3443
4268
5190
2284
8696
7875
5293
5490
662
1525
771
7043
8081
6987
3871
856
7722
4972
1362
5699
5213
6464
8565
1428
1058
6224
4019
9720
7689
2883
6433
2710
9118
9936
906
3829
4259
4542
5410
3709
2243
6273
1986
2784
2637
3050
4321
4862
4926
9695
8779
7794
9440
6384
8543
2956
5118
1987
9773
8800
9483
9046
6458
771
7447
757
2505
4242
6675
4393
6859
6659
4047
9865
227
3500
4245
2317
5533
7184
8901
8678
1039
9557
8363
7981
5869
6485
3127
5570
1957
968
6535
4426
7372
2792
269
1118
1526
6783
8618
6542
5927
474
4461
9183
243
8265
9274
3041
638
8212
3402
6178
8515
592
4745
3152
5882
6799
5441
5790
1545
4238
5621
2972
2189
4811
2793
964
3294
3177
8368
6436
8391
6619
8615
3970
606
3523
6168
5904
8158
3203
2877
5759
6285
8326
6253
8119
1400
3972
219
198
2043
9938
3857
2980
9601
4079
3423
8758
1826
8802
4683
7556
4081
4796
257
5335
4256
1264
6204
9564
5121
2565
1685
6832
4050
9445
9843
1718
6567
2233
9398
4188
2092
151
145
2532
1409
6458
6538
4411
2647
7749
2546
8394
4819
7756
3024
6682
5853
7999
232
4958
4295
9250
3464
9879
5288
1841
2536
6124
3
3150
9697
3876
7384
9067
17
358
5318
9362
723
9033
6672
7798
9589
5116
5444
9049
1943
841
2908
7439
2960
5087
8883
9374
3885
8160
731
4943
3541
5041
8435
673
8653
7490
9193
7417
3451
5604
9561
5308
4790
1527
3735
373
6085
5591
7986
35
8247
2452
9718
7987
8789
3024
8081
3439
2293
2057
4438
6784
7918
8291
6522
1057
5820
1879
5739
7291
192
6402
124
3313
9051
9383
6353
7705
1272
5519
6614
7728
2313
6103
583
8048
9833
6569
4404
6602
5878
1293
8870
6618
7902
1375
2006
3872
6349
8934
2565
4995
9495
3650
8105
6003
7802
1586
7133
7073
2196
3455
6995
1876
7577
4009
570
1059
5010
7462
4172
697
1495
2771
1023
1376
3386
6046
3203
2149
2207
3766
4198
2116
6184
304
2348
2723
604
1414
8259
5022
4267
7708
8621
9378
803
1446
1465
6535
4611
3781
2201
2772
8627
7521
8298
2900
6141
333
7674
6677
8833
1831
1942
3622
8886
3
594
4978
666
2086
8310
3128
6078
2168
9850
9581
4933
1823
6434
9297
9431
9711
1399
9353
5605
4585
2178
4448
5744
621
2517
6839
2772
2062
6699
2269
219
16
4836
7836
6183
718
7457
1985
6530
1778
3457
8405
9385
3184
6051
4743
8922
9638
526
4036
3408
3430
5724
2975
9051
8021
8720
6038
7949
1860
6849
9803
4085
7135
9569
6821
784
3981
6893
4405
5578
4697
4481
3217
2999
4112
2606
691
8310
6490
3154
7434
5036
9157
2472
1924
5639
8535
8187
9056
7914
5673
611
8755
3617
715
4722
6945
8781
6145
2633
150
1346
8224
9572
4880
9105
5973
3412
1132
7843
7962
7100
9384
6747
3482
6306
8103
2914
2841
7546
1516
9804
2945
2424
86
670
6085
9666
8777
8553
9213
6201
6164
1031
8353
6850
5911
6177
2583
25
5350
4674
2194
8877
6229
3961
1030
1384
1398
7053
9406
8474
9361
9200
2201
3687
9124
2361
8240
7176
8438
7587
5493
354
3640
7793
1187
104
9932
1425
4648
1557
7892
6720
1792
4833
3622
2903
6021
6208
2775
4124
898
3117
9331
9256
126
8876
9159
9769
1912
7043
584
63
8653
8681
7218
7424
9032
3640
1725
81
2626
3507
7651
6695
1535
587
236
2082
3848
3989
4193
5024
6019
6110
9665
6420
3490
7394
4224
1398
4938
4085
1305
5866
3002
4880
3702
1102
9563
3499
5809
9032
4367
8244
7604
6404
1542
1823
3292
3071
7258
290
4237
259
116
3569
3227
545
1745
4874
4585
9728
7686
5873
8049
8868
31
8985
1800
9681
7620
1632
9445
797
3924
8824
3926
5285
2728
9145
4380
9801
1649
8405
8271
367
1582
9261
6400
4938
7746
905
6505
212
9383
2270
4897
1906
4126
370
8815
4178
6707
6499
3930
5084
6118
6112
6779
8221
4579
2125
5084
306
1150
7468
8858
1966
317
5426
7816
3443
4268
5190
2284
8696
7875
5293
5490
662
1525
771
7043
8081
6987
3871
856
7722
4972
1362
5699
5213
6464
8565
1428
1058
6224
4019
9720
7689
2883
6433
2710
9118
9936
906
3829
4259
4542
5410
3709
2243
6273
1986
2784
2637
3050
4321
4862
4926
9695
8779
7794
9440
6384
8543
2956
5118
1987
9773
8800
9483
9046
6458
771
7447
757
2505
4242
6675
4393
6859
6659
4047
9865
227
3500
4245
2317
5533
7184
8901
8678
1039
9557
8363
7981
5869
6485
3127
5570
1957
968
6535
4426
7372
2792
269
1118
1526
6783
8618
6542
5927
474
4461
9183
243
8265
9274
3041
638
8212
3402
6178
8515
592
4745
3152
5882
6799
5441
5790
1545
4238
5621
2972
2189
4811
2793
964
3294
3177
8368
6436
8391
6619
8615
3970
606
3523
6168
5904
8158
3203
2877
5759
6285
8326
6253
8119
1400
3972
219
198
2043
9938
3857
2980
9601
4079
3423
8758
1826
8802
4683
7556
4081
4796
257
5335
4256
1264
6204
9564
5121
2565
1685
6832
4050
9445
9843
1718
6567
2233
9398
4188
2092
151
145
2532
1409
6458
6538
4411
2647
7749
2546
8394
4819
7756
3024
6682
5853
7999
232
4958
4295
9250
3464
9879
5288
1841
2536
6124
3
3150
9697
3876
7384
9067
17
358
5318
9362
723
9033
6672
7798
9589
5116
5444
9049
1943
841
2908
7439
2960
5087
8883
9374
3885
8160
731
4943
3541
5041
8435
673
8653
7490
9193
7417
3451
5604
9561
5308
4790
1527
3735
373
6085
5591
7986
35
8247
2452
9718
7987
8789
3024
8081
3439
2293
2057
4438
6784
7918
8291
6522
1057
5820
1879
5739
7291
192
6402
124
3313
9051
9383
6353
7705
1272
5519
6614
7728
2313
6103
583
8048
9833
6569
4404
6602
5878
1293
8870
6618
7902
1375
2006
3872
6349
8934
2565
4995
9495
3650
8105
6003
7802
1586
7133
7073
2196
3455
6995
1876
7577
4009
570
1059
5010
7462
4172
697
1495
2771
1023
1376
3386
6046
3203
2149
2207
3766
4198
2116
6184
304
2348
2723
604
1414
8259
5022
4267
7708
8621
9378
803
1446
1465
6535
4611
3781
2201
2772
8627
7521
8298
2900
6141
333
7674
6677
8833
1831
1942
3622
8886
3
594
4978
666
2086
8310
3128
6078
2168
9850
9581
4933
1823
6434
9297
9431
9711
1399
9353
5605
4585
2178
4448
5744
621
2517
6839
2772
2062
6699
2269
219
16
4836
7836
6183
718
7457
1985
6530
1778
3457
8405
9385
3184
6051
4743
8922
9638
526
4036
3408
3430
5724
2975
9051
8021
8720
6038
7949
1860
6849
9803
4085
7135
9569
6821
784
3981
6893
4405
5578
4697
4481
3217
2999
4112
2606
691
8310
6490
3154
7434
5036
9157
2472
1924
5639
8535
8187
9056
7914
5673
611
8755
3617
715
4722
6945
8781
6145
2633
150
1346
8224
9572
4880
9105
5973
3412
1132
7843
7962
7100
9384
6747
3482
6306
8103
2914
2841
7546
1516
9804
2945
2424
86
670
6085
9666
8777
8553
9213
6201
6164
1031
8353
6850
5911
6177
2583
25
5350
4674
2194
8877
6229
3961
1030
1384
1398
7053
9406
8474
9361
9200
2201
3687
9124
2361
8240
7176
8438
7587
5493
354
3640
7793
1187
104
9932
1425
4648
1557
7892
6720
1792
4833
3622
2903
6021
6208
2775
4124
898
3117
9331
9256
126
8876
9159
9769
1912
7043
584
63
8653
8681
7218
7424
9032
3640
1725
81
2626
3507
7651
6695
1535
587
236
2082
3848
3989
4193
5024
6019
6110
9665
6420
3490
7394
4224
1398
4938
4085
1305
5866
3002
4880
3702
1102
9563
3499
5809
9032
4367
8244
7604
6404
1542
1823
3292
3071
7258
290
4237
259
116
3569
3227
545
1745
4874
4585
9728
7686
5873
8049
8868
31
8985
1800
9681
7620
1632
9445
797
3924
8824
3926
5285
2728
9145
4380
9801
1649
8405
8271
367
1582
9261
6400
4938
7746
905
6505
212
9383
2270
4897
1906
4126
370
8815
4178
6707
6499
3930
5084
6118
6112
6779
8221
4579
2125
5084
306
1150
7468
8858
1966
317
5426
7816
3443
4268
5190
2284
8696
7875
5293
5490
662
1525
771
7043
8081
6987
3871
856
7722
4972
1362
5699
5213
6464
8565
1428
1058
6224
4019
9720
7689
2883
6433
2710
9118
9936
906
3829
4259
4542
5410
3709
2243
6273
1986
2784
2637
3050
4321
4862
4926
9695
8779
7794
9440
6384
8543
2956
5118
1987
9773
8800
9483
9046
6458
771
7447
757
2505
4242
6675
4393
6859
6659
4047
9865
227
3500
4245
2317
5533
7184
8901
8678
1039
9557
8363
7981
5869
6485
3127
5570
1957
968
6535
4426
7372
2792
269
1118
1526
6783
8618
6542
5927
474
4461
9183
243
8265
9274
3041
638
8212
3402
6178
8515
592
4745
3152
5882
6799
5441
5790
1545
4238
5621
2972
2189
4811
2793
964
3294
3177
8368
6436
8391
6619
8615
3970
606
3523
6168
5904
8158
3203
2877
5759
6285
8326
6253
8119
1400
3972
219
198
2043
9938
3857
2980
9601
4079
3423
8758
1826
8802
4683
7556
4081
4796
257
5335
4256
1264
6204
9564
5121
2565
1685
6832
4050
9445
9843
1718
6567
2233
9398
4188
2092
151
145
2532
1409
6458
6538
4411
2647
7749
2546
8394
4819
7756
3024
6682
5853
7999
232
4958
4295
9250
3464
9879
5288
1841
2536
6124
3
3150
9697
3876
7384
9067
17
358
5318
9362
723
9033
6672
7798
9589
5116
5444
9049
1943
841
2908
7439
2960
5087
8883
9374
3885
8160
731
4943
3541
5041
8435
673
8653
7490
9193
7417
3451
5604
9561
5308
4790
1527
3735
373
6085
5591
7986
35
8247
2452
9718
7987
8789
3024
8081
3439
2293
2057
4438
6784
7918
8291
6522
1057
5820
1879
5739
7291
192
6402
124
3313
9051
9383
6353
7705
1272
5519
6614
7728
2313
6103
583
8048
9833
6569
4404
6602
5878
1293
8870
6618
7902
1375
2006
3872
6349
8934
2565
4995
9495
3650
8105
6003
7802
1586
7133
7073
2196
3455
6995
1876
7577
4009
570
1059
5010
7462
4172
697
1495
2771
1023
1376
3386
6046
3203
2149
2207
3766
4198
2116
6184
304
2348
2723
604
1414
8259
5022
4267
7708
8621
9378
803
1446
1465
6535
4611
3781
2201
2772
8627
7521
8298
2900
6141
333
7674
6677
8833
1831
1942
3622
8886
3
594
4978
666
2086
8310
3128
6078
2168
9850
9581
4933
1823
6434
9297
9431
9711
1399
9353
5605
4585
2178
4448
5744
621
2517
6839
2772
2062
6699
2269
219
16
4836
7836
6183
718
7457
1985
6530
1778
3457
8405
9385
3184
6051
4743
8922
9638
526
4036
3408
3430
5724
2975
9051
8021
8720
6038
7949
1860
6849
9803
4085
7135
9569
6821
784
3981
6893
4405
5578
4697
4481
3217
2999
4112
2606
691
8310
6490
3154
7434
5036
9157
2472
1924
5639
8535
8187
9056
7914
5673
611
8755
3617
715
4722
6945
8781
6145
2633
150
1346
8224
9572
4880
9105
5973
3412
1132
7843
7962
7100
9384
6747
3482
6306
8103
2914
2841
7546
1516
9804
2945
2424
86
670
6085
9666
8777
8553
9213
6201
6164
1031
8353
6850
5911
6177
2583
25
5350
4674
2194
8877
6229
3961
1030
1384
1398
7053
9406
8474
9361
9200
2201
3687
9124
2361
8240
7176
8438
7587
5493
354
3640
7793
1187
104
9932
1425
4648
1557
7892
6720
1792
4833
3622
2903
6021
6208
2775
4124
898
3117
9331
9256
126
8876
9159
9769
1912
7043
584
63
8653
8681
7218
7424
9032
3640
1725
81
2626
3507
7651
6695
1535
587
236
2082
3848
3989
4193
5024
6019
6110
9665
6420
3490
7394
4224
1398
4938
4085
1305
5866
3002
4880
3702
1102
9563
3499
5809
9032
4367
8244
7604
6404
1542
1823
3292
3071
7258
290
4237
259
116
3569
3227
545
1745
4874
4585
9728
7686
5873
8049
8868
31
8985
1800
9681
7620
1632
9445
797
3924
8824
3926
5285
2728
9145
4380
9801
1649
8405
8271
367
1582
9261
6400
4938
7746
905
6505
212
9383
2270
4897
1906
4126
370
8815
4178
6707
6499
3930
5084
6118
6112
6779
8221
4579
2125
5084
306
1150
7468
8858
1966
317
5426
7816
3443
4268
5190
2284
8696
7875
5293
5490
662
1525
771
7043
8081
6987
3871
856
7722
4972
1362
5699
5213
6464
8565
1428
1058
6224
4019
9720
7689
2883
6433
2710
9118
9936
906
3829
4259
4542
5410
3709
2243
6273
1986
2784
2637
3050
4321
4862
4926
9695
8779
7794
9440
6384
8543
2956
5118
1987
9773
8800
9483
9046
6458
771
7447
757
2505
4242
6675
4393
6859
6659
4047
9865
227
3500
4245
2317
5533
7184
8901
8678
1039
9557
8363
7981
5869
6485
3127
5570
1957
968
6535
4426
7372
2792
269
1118
1526
6783
8618
6542
5927
474
4461
9183
243
8265
9274
3041
638
8212
3402
6178
8515
592
4745
3152
5882
6799
5441
5790
1545
4238
5621
2972
2189
4811
2793
964
3294
3177
8368
6436
8391
6619
8615
3970
606
3523
6168
5904
8158
3203
2877
5759
6285
8326
6253
8119
1400
3972
219
198
2043
9938
3857
2980
9601
4079
3423
8758
1826
8802
4683
7556
4081
4796
257
5335
4256
1264
6204
9564
5121
2565
1685
6832
4050
9445
9843
1718
6567
2233
9398
4188
2092
151
145
2532
1409
6458
6538
4411
2647
7749
2546
8394
4819
7756
3024
6682
5853
7999
232
4958
4295
9250
3464
9879
5288
1841
2536
6124
3
3150
9697
3876
7384
9067
17
358
5318
9362
723
9033
6672
7798
9589
5116
5444
9049
1943
841
2908
7439
2960
5087
8883
9374
3885
8160
731
4943
3541
5041
8435
673
8653
7490
9193
7417
3451
5604
9561
5308
4790
1527
3735
373
6085
5591
7986
35
8247
2452
9718
7987
8789
3024
8081
3439
2293
2057
4438
6784
7918
8291
6522
1057
5820
1879
5739
7291
192
6402
124
3313
9051
9383
6353
7705
1272
5519
6614
7728
2313
6103
583
8048
9833
6569
4404
6602
5878
1293
8870
6618
7902
1375
2006
3872
6349
8934
2565
4995
9495
3650
8105
6003
7802
1586
7133
7073
2196
3455
6995
1876
7577
4009
570
1059
5010
7462
4172
697
1495
2771
1023
1376
3386
6046
3203
2149
2207
3766
4198
2116
6184
304
2348
2723
604
1414
8259
5022
4267
7708
8621
9378
803
1446
1465
6535
4611
3781
2201
2772
8627
7521
8298
2900
6141
333
7674
6677
8833
1831
1942
3622
8886
3
594
4978
666
2086
8310
3128
6078
2168
9850
9581
4933
1823
6434
9297
9431
9711
1399
9353
5605
4585
2178
4448
5744
621
2517
6839
2772
2062
6699
2269
219
16
4836
7836
6183
718
7457
1985
6530
1778
3457
8405
9385
3184
6051
4743
8922
9638
526
4036
3408
3430
5724
2975
9051
8021
8720
6038
7949
1860
6849
9803
4085
7135
9569
6821
784
3981
6893
4405
5578
4697
4481
3217
2999
4112
2606
691
8310
6490
3154
7434
5036
9157
2472
1924
5639
8535
8187
9056
7914
5673
611
8755
3617
715
4722
6945
8781
6145
2633
150
1346
8224
9572
4880
9105
5973
3412
1132
7843
7962
7100
9384
6747
3482
6306
8103
2914
2841
7546
1516
9804
2945
2424
86
670
6085
9666
8777
8553
9213
6201
6164
1031
8353
6850
5911
6177
2583
25
5350
4674
2194
8877
6229
3961
1030
1384
1398
7053
9406
8474
9361
9200
2201
3687
9124
2361
8240
7176
8438
7587
5493
354
3640
7793
1187
104
9932
1425
4648
1557
7892
6720
1792
4833
3622
2903
6021
6208
2775
4124
898
3117
9331
9256
126
8876
9159
9769
1912
7043
584
63
8653
8681
7218
7424
9032
3640
1725
81
2626
3507
7651
6695
1535
587
236
2082
3848
3989
4193
5024
6019
6110
9665
6420
3490
7394
4224
1398
4938
4085
1305
5866
3002
4880
3702
1102
9563
3499
5809
9032
4367
8244
7604
6404
1542
1823
3292
3071
7258
290
4237
259
116
3569
3227
545
1745
4874
4585
9728
7686
5873
8049
8868
31
8985
1800
9681
7620
1632
9445
797
3924
8824
3926
5285
2728
9145
4380
9801
1649
8405
8271
367
1582
9261
6400
4938
7746
905
6505
212
9383
2270
4897
1906
4126
370
8815
4178
6707
6499
3930
5084
6118
6112
6779
8221
4579
2125
5084
306
1150
7468
8858
1966
317
5426
7816
3443
4268
5190
2284
8696
7875
5293
5490
662
1525
771
7043
8081
6987
3871
856
7722
4972
1362
5699
5213
6464
8565
1428
1058
6224
4019
9720
7689
2883
6433
2710
9118
9936
906
3829
4259
4542
5410
3709
2243
6273
1986
2784
2637
3050
4321
4862
4926
9695
8779
7794
9440
6384
8543
2956
5118
1987
9773
8800
9483
9046
6458
771
7447
757
2505
4242
6675
4393
6859
6659
4047
9865
227
3500
4245
2317
5533
7184
8901
8678
1039
9557
8363
7981
5869
6485
3127
5570
1957
968
6535
4426
7372
2792
269
1118
1526
6783
8618
6542
5927
474
4461
9183
243
8265
9274
3041
638
8212
3402
6178
8515
592
4745
3152
5882
6799
5441
5790
1545
4238
5621
2972
2189
4811
2793
964
3294
3177
8368
6436
8391
6619
8615
3970
606
3523
6168
5904
8158
3203
2877
5759
6285
8326
6253
8119
1400
3972
219
198
2043
9938
3857
2980
9601
4079
3423
8758
1826
8802
4683
7556
4081
4796
257
5335
4256
1264
6204
9564
5121
2565
1685
6832
4050
9445
9843
1718
6567
2233
9398
4188
2092
151
145
2532
1409
6458
6538
4411
2647
7749
2546
8394
4819
7756
3024
6682
5853
7999
232
4958
4295
9250
3464
9879
5288
1841
2536
6124
3
3150
9697
3876
7384
9067
17
358
5318
9362
723
9033
6672
7798
9589
5116
5444
9049
1943
841
2908
7439
2960
5087
8883
9374
3885
8160
731
4943
3541
5041
8435
673
8653
7490
9193
7417
3451
5604
9561
5308
4790
1527
3735
373
6085
5591
7986
35
8247
2452
9718
7987
8789
3024
8081
3439
2293
2057
4438
6784
7918
8291
6522
1057
5820
1879
5739
7291
192
6402
124
3313
9051
9383
6353
7705
1272
5519
6614
7728
2313
6103
583
8048
9833
6569
4404
6602
5878
1293
8870
6618
7902
1375
2006
3872
6349
8934
2565
4995
9495
3650
8105
6003
7802
1586
7133
7073
2196
3455
6995
1876
7577
4009
570
1059
5010
7462
4172
697
1495
2771
1023
1376
3386
6046
3203
2149
2207
3766
4198
2116
6184
304
2348
2723
604
1414
8259
5022
4267
7708
8621
9378
803
1446
1465
6535
4611
3781
2201
2772
8627
7521
8298
2900
6141
333
7674
6677
8833
1831
1942
3622
8886
3
594
4978
666
2086
8310
3128
6078
2168
9850
9581
4933
1823
6434
9297
9431
9711
1399
9353
5605
4585
2178
4448
5744
621
2517
6839
2772
2062
6699
2269
219
16
4836
7836
6183
718
7457
1985
6530
1778
3457
8405
9385
3184
6051
4743
8922
9638
526
4036
3408
3430
5724
2975
9051
8021
8720
6038
7949
1860
6849
9803
4085
7135
9569
6821
784
3981
6893
4405
5578
4697
4481
3217
2999
4112
2606
691
8310
6490
3154
7434
5036
9157
2472
1924
5639
8535
8187
9056
7914
5673
611
8755
3617
715
4722
6945
8781
6145
2633
150
1346
8224
9572
4880
9105
5973
3412
1132
7843
7962
7100
9384
6747
3482
6306
8103
2914
2841
7546
1516
9804
2945
2424
86
670
6085
9666
8777
8553
9213
6201
6164
1031
8353
6850
5911
6177
2583
25
5350
4674
2194
8877
6229
3961
1030
1384
1398
7053
9406
8474
9361
9200
2201
3687
9124
2361
8240
7176
8438
7587
5493
354
3640
7793
1187
104
9932
1425
4648
1557
7892
6720
1792
4833
3622
2903
6021
6208
2775
4124
898
3117
9331
9256
126
8876
9159
9769
1912
7043
584
63
8653
8681
7218
7424
9032
3640
1725
81
2626
3507
7651
6695
1535
587
236
2082
3848
3989
4193
5024
6019
6110
9665
6420
3490
7394
4224
1398
4938
4085
1305
5866
3002
4880
3702
1102
9563
3499
5809
9032
4367
8244
7604
6404
1542
1823
3292
3071
7258
290
4237
259
116
3569
3227
545
1745
4874
4585
9728
7686
5873
8049
8868
31
8985
1800
9681
7620
1632
9445
797
3924
8824
3926
5285
2728
9145
4380
9801
1649
8405
8271
367
1582
9261
6400
4938
7746
905
6505
212
9383
2270
4897
1906
4126
370
8815
4178
6707
6499
3930
5084
6118
6112
6779
8221
4579
2125
5084
306
1150
7468
8858
1966
317
5426
7816
3443
4268
5190
2284
8696
7875
5293
5490
662
1525
771
7043
8081
6987
3871
856
7722
4972
1362
5699
5213
6464
8565
1428
1058
6224
4019
9720
7689
2883
6433
2710
9118
9936
906
3829
4259
4542
5410
3709
2243
6273
1986
2784
2637
3050
4321
4862
4926
9695
8779
7794
9440
6384
8543
2956
5118
1987
9773
8800
9483
9046
6458
771
7447
757
2505
4242
6675
4393
6859
6659
4047
9865
227
3500
4245
2317
5533
7184
8901
8678
1039
9557
8363
7981
5869
6485
3127
5570
1957
968
6535
4426
7372
2792
269
1118
1526
6783
8618
6542
5927
474
4461
9183
243
8265
9274
3041
638
8212
3402
6178
8515
592
4745
3152
5882
6799
5441
5790
1545
4238
5621
2972
2189
4811
2793
964
3294
3177
8368
6436
8391
6619
8615
3970
606
3523
6168
5904
8158
3203
2877
5759
6285
8326
6253
8119
1400
3972
219
198
2043
9938
3857
2980
9601
4079
3423
8758
1826
8802
4683
7556
4081
4796
257
5335
4256
1264
6204
9564
5121
2565
1685
6832
4050
9445
9843
1718
6567
2233
9398
4188
2092
151
145
2532
1409
6458
6538
4411
2647
7749
2546
8394
4819
7756
3024
6682
5853
7999
232
4958
4295
9250
3464
9879
5288
1841
2536
6124
3
3150
9697
3876
7384
9067
17
358
5318
9362
723
9033
6672
7798
9589
5116
5444
9049
1943
841
2908
7439
2960
5087
8883
9374
3885
8160
731
4943
3541
5041
8435
673
8653
7490
9193
7417
3451
5604
9561
5308
4790
1527
3735
373
6085
5591
7986
35
8247
2452
9718
7987
8789
3024
8081
3439
2293
2057
4438
6784
7918
8291
6522
1057
5820
1879
5739
7291
192
6402
124
3313
9051
9383
6353
7705
1272
5519
6614
7728
2313
6103
583
8048
9833
6569
4404
6602
5878
1293
8870
6618
7902
1375
2006
3872
6349
8934
2565
4995
9495
3650
8105
6003
7802
1586
7133
7073
2196
3455
6995
1876
7577
4009
570
1059
5010
7462
4172
697
1495
2771
1023
1376
3386
6046
3203
2149
2207
3766
4198
2116
6184
304
2348
2723
604
1414
8259
5022
4267
7708
8621
9378
803
1446
1465
6535
4611
3781
2201
2772
8627
7521
8298
2900
6141
333
7674
6677
8833
1831
1942
3622
8886
3
594
4978
666
2086
8310
3128
6078
2168
9850
9581
4933
1823
6434
9297
9431
9711
1399
9353
5605
4585
2178
4448
5744
621
2517
6839
2772
2062
6699
2269
219
16
4836
7836
6183
718
7457
1985
6530
1778
3457
8405
9385
3184
6051
4743
8922
9638
526
4036
3408
3430
5724
2975
9051
8021
8720
6038
7949
1860
6849
9803
4085
7135
9569
6821
784
3981
6893
4405
5578
4697
4481
3217
2999
4112
2606
691
8310
6490
3154
7434
5036
9157
2472
1924
5639
8535
8187
9056
7914
5673
611
8755
3617
715
4722
6945
8781
6145
2633
150
1346
8224
9572
4880
9105
5973
3412
1132
7843
7962
7100
9384
6747
3482
6306
8103
2914
2841
7546
1516
9804
2945
2424
86
670
6085
9666
8777
8553
9213
6201
6164
1031
8353
6850
5911
6177
2583
25
5350
4674
2194
8877
6229
3961
1030
1384
1398
7053
9406
8474
9361
9200
2201
3687
9124
2361
8240
7176
8438
7587
5493
354
3640
7793
1187
104
9932
1425
4648
1557
7892
6720
1792
4833
3622
2903
6021
6208
2775
4124
898
3117
9331
9256
126
8876
9159
9769
1912
7043
584
63
8653
8681
7218
7424
9032
3640
1725
81
2626
3507
7651
6695
1535
587
236
2082
3848
3989
4193
5024
6019
6110
9665
6420
3490
7394
4224
1398
4938
4085
1305
5866
3002
4880
3702
1102
9563
3499
5809
9032
4367
8244
7604
6404
1542
1823
3292
3071
7258
290
4237
259
116
3569
3227
545
1745
4874
4585
9728
7686
5873
8049
8868
31
8985
1800
9681
7620
1632
9445
797
3924
8824
3926
5285
2728
9145
4380
9801
1649
8405
8271
367
1582
9261
6400
4938
7746
905
6505
212
9383
2270
4897
1906
4126
370
8815
4178
6707
6499
3930
5084
6118
6112
6779
8221
4579
2125
5084
306
1150
7468
8858
1966
317
5426
7816
3443
4268
5190
2284
8696
7875
5293
5490
662
1525
771
7043
8081
6987
3871
856
7722
4972
1362
5699
5213
6464
8565
1428
1058
6224
4019
9720
7689
2883
6433
2710
9118
9936
906
3829
4259
4542
5410
3709
2243
6273
1986
2784
2637
3050
4321
4862
4926
9695
8779
7794
9440
6384
8543
2956
5118
1987
9773
8800
9483
9046
6458
771
7447
757
2505
4242
6675
4393
6859
6659
4047
9865
227
3500
4245
2317
5533
7184
8901
8678
1039
9557
8363
7981
5869
6485
3127
5570
1957
968
6535
4426
7372
2792
269
1118
1526
6783
8618
6542
5927
474
4461
9183
243
8265
9274
3041
638
8212
3402
6178
8515
592
4745
3152
5882
6799
5441
5790
1545
4238
5621
2972
2189
4811
2793
964
3294
3177
8368
6436
8391
6619
8615
3970
606
3523
6168
5904
8158
3203
2877
5759
6285
8326
6253
8119
1400
3972
219
198
2043
9938
3857
2980
9601
4079
3423
8758
1826
8802
4683
7556
4081
4796
257
5335
4256
1264
6204
9564
5121
2565
1685
6832
4050
9445
9843
1718
6567
2233
9398
4188
2092
151
145
2532
1409
6458
6538
4411
2647
7749
2546
8394
4819
7756
3024
6682
5853
7999
232
4958
4295
9250
3464
9879
5288
1841
2536
6124
3
3150
9697
3876
7384
9067
17
358
5318
9362
723
9033
6672
7798
9589
5116
5444
9049
1943
841
2908
7439
2960
5087
8883
9374
3885
8160
731
4943
3541
5041
8435
673
8653
7490
9193
7417
3451
5604
9561
5308
4790
1527
3735
373
6085
5591
7986
35
8247
2452
9718
7987
8789
3024
8081
3439
2293
2057
4438
6784
7918
8291
6522
1057
5820
1879
5739
7291
192
6402
124
3313
9051
9383
6353
7705
1272
5519
6614
7728
2313
6103
583
8048
9833
6569
4404
6602
5878
1293
8870
6618
7902
1375
2006
3872
6349
8934
2565
4995
9495
3650
8105
6003
7802
1586
7133
7073
2196
3455
6995
1876
7577
4009
570
1059
5010
7462
4172
697
1495
2771
1023
1376
3386
6046
3203
2149
2207
3766
4198
2116
6184
304
2348
2723
604
1414
8259
5022
4267
7708
8621
9378
803
1446
1465
6535
4611
3781
2201
2772
8627
7521
8298
2900
6141
333
7674
6677
8833
1831
1942
3622
8886
3
594
4978
666
2086
8310
3128
6078
2168
9850
9581
4933
1823
6434
9297
9431
9711
1399
9353
5605
4585
2178
4448
5744
621
2517
6839
2772
2062
6699
2269
219
16
4836
7836
6183
718
7457
1985
6530
1778
3457
8405
9385
3184
6051
4743
8922
9638
526
4036
3408
3430
5724
2975
9051
8021
8720
6038
7949
1860
6849
9803
4085
7135
9569
6821
784
3981
6893
4405
5578
4697
4481
3217
2999
4112
2606
691
8310
6490
3154
7434
5036
9157
2472
1924
5639
8535
8187
9056
7914
5673
611
8755
3617
715
4722
6945
8781
6145
2633
150
1346
8224
9572
4880
9105
5973
3412
1132
7843
7962
7100
9384
6747
3482
6306
8103
2914
2841
7546
1516
9804
2945
2424
86
670
6085
9666
8777
8553
9213
6201
6164
1031
8353
6850
5911
6177
2583
25
5350
4674
2194
8877
6229
3961
1030
1384
1398
7053
9406
8474
9361
9200
2201
3687
9124
2361
8240
7176
8438
7587
5493
354
3640
7793
1187
104
9932
1425
4648
1557
7892
6720
1792
4833
3622
2903
6021
6208
2775
4124
898
3117
9331
9256
126
8876
9159
9769
1912
7043
584
63
8653
8681
7218
7424
9032
3640
1725
81
2626
3507
7651
6695
1535
587
236
2082
3848
3989
4193
5024
6019
6110
9665
6420
3490
7394
4224
1398
4938
4085
1305
5866
3002
4880
3702
1102
9563
3499
5809
9032
4367
8244
7604
6404
1542
1823
3292
3071
7258
290
4237
259
116
3569
3227
545
1745
4874
4585
9728
7686
5873
8049
8868
31
8985
1800
9681
7620
1632
9445
797
3924
8824
3926
5285
2728
9145
4380
9801
1649
8405
8271
367
1582
9261
6400
4938
7746
905
6505
212
9383
2270
4897
1906
4126
370
8815
4178
6707
6499
3930
5084
6118
6112
6779
8221
4579
2125
5084
306
1150
7468
8858
1966
317
5426
7816
3443
4268
5190
2284
8696
7875
5293
5490
662
1525
771
7043
8081
6987
3871
856
7722
4972
1362
5699
5213
6464
8565
1428
1058
6224
4019
9720
7689
2883
6433
2710
9118
9936
906
3829
4259
4542
5410
3709
2243
6273
1986
2784
2637
3050
4321
4862
4926
9695
8779
7794
9440
6384
8543
2956
5118
1987
9773
8800
9483
9046
6458
771
7447
757
2505
4242
6675
4393
6859
6659
4047
9865
227
3500
4245
2317
5533
7184
8901
8678
1039
9557
8363
7981
5869
6485
3127
5570
1957
968
6535
4426
7372
2792
269
1118
1526
6783
8618
6542
5927
474
4461
9183
243
8265
9274
3041
638
8212
3402
6178
8515
592
4745
3152
5882
6799
5441
5790
1545
4238
5621
2972
2189
4811
2793
964
3294
3177
8368
6436
8391
6619
8615
3970
606
3523
6168
5904
8158
3203
2877
5759
6285
8326
6253
8119
1400
3972
219
198
2043
9938
3857
2980
9601
4079
3423
8758
1826
8802
4683
7556
4081
4796
257
5335
4256
1264
6204
9564
5121
2565
1685
6832
4050
9445
9843
1718
6567
2233
9398
4188
2092
151
145
2532
1409
6458
6538
4411
2647
7749
2546
8394
4819
7756
3024
6682
5853
7999
232
4958
4295
9250
3464
9879
5288
1841
2536
6124
3
3150
9697
3876
7384
9067
17
358
5318
9362
723
9033
6672
7798
9589
5116
5444
9049
1943
841
2908
7439
2960
5087
8883
9374
3885
8160
731
4943
3541
5041
8435
673
8653
7490
9193
7417
3451
5604
9561
5308
4790
1527
3735
373
6085
5591
7986
35
8247
2452
9718
7987
8789
3024
8081
3439
2293
2057
4438
6784
7918
8291
6522
1057
5820
1879
5739
7291
192
6402
124
3313
9051
9383
6353
7705
1272
5519
6614
7728
2313
6103
583
8048
9833
6569
4404
6602
5878
1293
8870
6618
7902
1375
2006
3872
6349
8934
2565
4995
9495
3650
8105
6003
7802
1586
7133
7073
2196
3455
6995
1876
7577
4009
570
1059
5010
7462
4172
697
1495
2771
1023
1376
3386
6046
3203
2149
2207
3766
4198
2116
6184
304
2348
2723
604
1414
8259
5022
4267
7708
8621
9378
803
1446
1465
6535
4611
3781
2201
2772
8627
7521
8298
2900
6141
333
7674
6677
8833
1831
1942
3622
8886
3
594
4978
666
2086
8310
3128
6078
2168
9850
9581
4933
1823
6434
9297
9431
9711
1399
9353
5605
4585
2178
4448
5744
621
2517
6839
2772
2062
6699
2269
219
16
4836
7836
6183
718
7457
1985
6530
1778
3457
8405
9385
3184
6051
4743
8922
9638
526
4036
3408
3430
5724
2975
9051
8021
8720
6038
7949
1860
6849
9803
4085
7135
9569
6821
784
3981
6893
4405
5578
4697
4481
3217
2999
4112
2606
691
8310
6490
3154
7434
5036
9157
2472
1924
5639
8535
8187
9056
7914
5673
611
8755
3617
715
4722
6945
8781
6145
2633
150
1346
8224
9572
4880
9105
5973
3412
1132
7843
7962
7100
9384
6747
3482
6306
8103
2914
2841
7546
1516
9804
2945
2424
86
670
6085
9666
8777
8553
9213
6201
6164
1031
8353
6850
5911
6177
2583
25
5350
4674
2194
8877
6229
3961
1030
1384
1398
7053
9406
8474
9361
9200
2201
3687
9124
2361
8240
7176
8438
7587
5493
354
3640
7793
1187
104
9932
1425
4648
1557
7892
6720
1792
4833
3622
2903
6021
6208
2775
4124
898
3117
9331
9256
126
8876
9159
9769
1912
7043
584
63
8653
8681
7218
7424
9032
3640
1725
81
2626
3507
7651
6695
1535
587
236
2082
3848
3989
4193
5024
6019
6110
9665
6420
3490
7394
4224
1398
4938
4085
1305
5866
3002
4880
3702
1102
9563
3499
5809
9032
4367
8244
7604
6404
1542
1823
3292
3071
7258
290
4237
259
116
3569
3227
545
1745
4874
4585
9728
7686
5873
8049
8868
31
8985
1800
9681
7620
1632
9445
797
3924
8824
3926
5285
2728
9145
4380
9801
1649
8405
8271
367
1582
9261
6400
4938
7746
905
6505
212
9383
2270
4897
1906
4126
370
8815
4178
6707
6499
3930
5084
6118
6112
6779
8221
4579
2125
5084
306
1150
7468
8858
1966
317
5426
7816
3443
4268
5190
2284
8696
7875
5293
5490
662
1525
771
7043
8081
6987
3871
856
7722
4972
1362
5699
5213
6464
8565
1428
1058
6224
4019
9720
7689
2883
6433
2710
9118
9936
906
3829
4259
4542
5410
3709
2243
6273
1986
2784
2637
3050
4321
4862
4926
9695
8779
7794
9440
6384
8543
2956
5118
1987
9773
8800
9483
9046
6458
771
7447
757
2505
4242
6675
4393
6859
6659
4047
9865
227
3500
4245
2317
5533
7184
8901
8678
1039
9557
8363
7981
5869
6485
3127
5570
1957
968
6535
4426
7372
2792
269
1118
1526
6783
8618
6542
5927
474
4461
9183
243
8265
9274
3041
638
8212
3402
6178
8515
592
4745
3152
5882
6799
5441
5790
1545
4238
5621
2972
2189
4811
2793
964
3294
3177
8368
6436
8391
6619
8615
3970
606
3523
6168
5904
8158
3203
2877
5759
6285
8326
6253
8119
1400
3972
219
198
2043
9938
3857
2980
9601
4079
3423
8758
1826
8802
4683
7556
4081
4796
257
5335
4256
1264
6204
9564
5121
2565
1685
6832
4050
9445
9843
1718
6567
2233
9398
4188
2092
151
145
2532
1409
6458
6538
4411
2647
7749
2546
8394
4819
7756
3024
6682
5853
7999
232
4958
4295
9250
3464
9879
5288
1841
2536
6124
3
3150
9697
3876
7384
9067
17
358
5318
9362
723
9033
6672
7798
9589
5116
5444
9049
1943
841
2908
7439
2960
5087
8883
9374
3885
8160
731
4943
3541
5041
8435
673
8653
7490
9193
7417
3451
5604
9561
5308
4790
1527
3735
373
6085
5591
7986
35
8247
2452
9718
7987
8789
3024
8081
3439
2293
2057
4438
6784
7918
8291
6522
1057
5820
1879
5739
7291
192
6402
124
3313
9051
9383
6353
7705
1272
5519
6614
7728
2313
6103
583
8048
9833
6569
4404
6602
5878
1293
8870
6618
7902
1375
2006
3872
6349
8934
2565
4995
9495
3650
8105
6003
7802
1586
7133
7073
2196
3455
6995
1876
7577
4009
570
1059
5010
7462
4172
697
1495
2771
1023
1376
3386
6046
3203
2149
2207
3766
4198
2116
6184
304
2348
2723
604
1414
8259
5022
4267
7708
8621
9378
803
1446
1465
6535
4611
3781
2201
2772
8627
7521
8298
2900
6141
333
7674
6677
8833
1831
1942
3622
8886
3
594
4978
666
2086
8310
3128
6078
2168
9850
9581
4933
1823
6434
9297
9431
9711
1399
9353
5605
4585
2178
4448
5744
621
2517
6839
2772
2062
6699
2269
219
16
4836
7836
6183
718
7457
1985
6530
1778
3457
8405
9385
3184
6051
4743
8922
9638
526
4036
3408
3430
5724
2975
9051
8021
8720
6038
7949
1860
6849
9803
4085
7135
9569
6821
784
3981
6893
4405
5578
4697
4481
3217
2999
4112
2606
691
8310
6490
3154
7434
5036
9157
2472
1924
5639
8535
8187
9056
7914
5673
611
8755
3617
715
4722
6945
8781
6145
2633
150
1346
8224
9572
4880
9105
5973
3412
1132
7843
7962
7100
9384
6747
3482
6306
8103
2914
2841
7546
1516
9804
2945
2424
86
670
6085
9666
8777
8553
9213
6201
6164
1031
8353
6850
5911
6177
2583
25
5350
4674
2194
8877
6229
3961
1030
1384
1398
7053
9406
8474
9361
9200
2201
3687
9124
2361
8240
7176
8438
7587
5493
354
3640
7793
1187
104
9932
1425
4648
1557
7892
6720
1792
4833
3622
2903
6021
6208
2775
4124
898
3117
9331
9256
126
8876
9159
9769
1912
7043
584
63
8653
8681
7218
7424
9032
3640
1725
81
2626
3507
7651
6695
1535
587
236
2082
3848
3989
4193
5024
6019
6110
9665
6420
3490
7394
4224
1398
4938
4085
1305
5866
3002
4880
3702
1102
9563
3499
5809
9032
4367
8244
7604
6404
1542
1823
3292
3071
7258
290
4237
259
116
3569
3227
545
1745
4874
4585
9728
7686
5873
8049
8868
31
8985
1800
9681
7620
1632
9445
797
3924
8824
3926
5285
2728
9145
4380
9801
1649
8405
8271
367
1582
9261
6400
4938
7746
905
6505
212
9383
2270
4897
1906
4126
370
8815
4178
6707
6499
3930
5084
6118
6112
6779
8221
4579
2125
5084
306
1150
7468
8858
1966
317
5426
7816
3443
4268
5190
2284
8696
7875
5293
5490
662
1525
771
7043
8081
6987
3871
856
7722
4972
1362
5699
5213
6464
8565
1428
1058
6224
4019
9720
7689
2883
6433
2710
9118
9936
906
3829
4259
4542
5410
3709
2243
6273
1986
2784
2637
3050
4321
4862
4926
9695
8779
7794
9440
6384
8543
2956
5118
1987
9773
8800
9483
9046
6458
771
7447
757
2505
4242
6675
4393
6859
6659
4047
9865
227
3500
4245
2317
5533
7184
8901
8678
1039
9557
8363
7981
5869
6485
3127
5570
1957
968
6535
4426
7372
2792
269
1118
1526
6783
8618
6542
5927
474
4461
9183
243
8265
9274
3041
638
8212
3402
6178
8515
592
4745
3152
5882
6799
5441
5790
1545
4238
5621
2972
2189
4811
2793
964
3294
3177
8368
6436
8391
6619
8615
3970
606
3523
6168
5904
8158
3203
2877
5759
6285
8326
6253
8119
1400
3972
219
198
2043
9938
3857
2980
9601
4079
3423
8758
1826
8802
4683
7556
4081
4796
257
5335
4256
1264
6204
9564
5121
2565
1685
6832
4050
9445
9843
1718
6567
2233
9398
4188
2092
151
145
2532
1409
6458
6538
4411
2647
7749
2546
8394
4819
7756
3024
6682
5853
7999
232
4958
4295
9250
3464
9879
5288
1841
2536
6124
3
3150
9697
3876
7384
9067
17
358
5318
9362
723
9033
6672
7798
9589
5116
5444
9049
1943
841
2908
7439
2960
5087
8883
9374
3885
8160
731
4943
3541
5041
8435
673
8653
7490
9193
7417
3451
5604
9561
5308
4790
1527
3735
373
6085
5591
7986
35
8247
2452
9718
7987
8789
3024
8081
3439
2293
2057
4438
6784
7918
8291
6522
1057
5820
1879
5739
7291
192
6402
124
3313
9051
9383
6353
7705
1272
5519
6614
7728
2313
6103
583
8048
9833
6569
4404
6602
5878
1293
8870
6618
7902
1375
2006
3872
6349
8934
2565
4995
9495
3650
8105
6003
7802
1586
7133
7073
2196
3455
6995
1876
7577
4009
570
1059
5010
7462
4172
697
1495
2771
1023
1376
3386
6046
3203
2149
2207
3766
4198
2116
6184
304
2348
2723
604
1414
8259
5022
4267
7708
8621
9378
803
1446
1465
6535
4611
3781
2201
2772
8627
7521
8298
2900
6141
333
7674
6677
8833
1831
1942
3622
8886
3
594
4978
666
2086
8310
3128
6078
2168
9850
9581
4933
1823
6434
9297
9431
9711
1399
9353
5605
4585
2178
4448
5744
621
2517
6839
2772
2062
6699
2269
219
16
4836
7836
6183
718
7457
1985
6530
1778
3457
8405
9385
3184
6051
4743
8922
9638
526
4036
3408
3430
5724
2975
9051
8021
8720
6038
7949
1860
6849
9803
4085
7135
9569
6821
784
3981
6893
4405
5578
4697
4481
3217
2999
4112
2606
691
8310
6490
3154
7434
5036
9157
2472
1924
5639
8535
8187
9056
7914
5673
611
8755
3617
715
4722
6945
8781
6145
2633
150
1346
8224
9572
4880
9105
5973
3412
1132
7843
7962
7100
9384
6747
3482
6306
8103
2914
2841
7546
1516
9804
2945
2424
86
670
6085
9666
8777
8553
9213
6201
6164
1031
8353
6850
5911
6177
2583
25
5350
4674
2194
8877
6229
3961
1030
1384
1398
7053
9406
8474
9361
9200
2201
3687
9124
2361
8240
7176
8438
7587
5493
354
3640
7793
1187
104
9932
1425
4648
1557
7892
6720
1792
4833
3622
2903
6021
6208
2775
4124
898
3117
9331
9256
126
8876
9159
9769
1912
7043
584
63
8653
8681
7218
7424
9032
3640
1725
81
2626
3507
7651
6695
1535
587
236
2082
3848
3989
4193
5024
6019
6110
9665
6420
3490
7394
4224
1398
4938
4085
1305
5866
3002
4880
3702
1102
9563
3499
5809
9032
4367
8244
7604
6404
1542
1823
3292
3071
7258
290
4237
259
116
3569
3227
545
1745
4874
4585
9728
7686
5873
8049
8868
31
8985
1800
9681
7620
1632
9445
797
3924
8824
3926
5285
2728
9145
4380
9801
1649
8405
8271
367
1582
9261
6400
4938
7746
905
6505
212
9383
2270
4897
1906
4126
370
8815
4178
6707
6499
3930
5084
6118
6112
6779
8221
4579
2125
5084
306
1150
7468
8858
1966
317
5426
7816
3443
4268
5190
2284
8696
7875
5293
5490
662
1525
771
7043
8081
6987
3871
856
7722
4972
1362
5699
5213
6464
8565
1428
1058
6224
4019
9720
7689
2883
6433
2710
9118
9936
906
3829
4259
4542
5410
3709
2243
6273
1986
2784
2637
3050
4321
4862
4926
9695
8779
7794
9440
6384
8543
2956
5118
1987
9773
8800
9483
9046
6458
771
7447
757
2505
4242
6675
4393
6859
6659
4047
9865
227
3500
4245
2317
5533
7184
8901
8678
1039
9557
8363
7981
5869
6485
3127
5570
1957
968
6535
4426
7372
2792
269
1118
1526
6783
8618
6542
5927
474
4461
9183
243
8265
9274
3041
638
8212
3402
6178
8515
592
4745
3152
5882
6799
5441
5790
1545
4238
5621
2972
2189
4811
2793
964
3294
3177
8368
6436
8391
6619
8615
3970
606
3523
6168
5904
8158
3203
2877
5759
6285
8326
6253
8119
1400
3972
219
198
2043
9938
3857
2980
9601
4079
3423
8758
1826
8802
4683
7556
4081
4796
257
5335
4256
1264
6204
9564
5121
2565
1685
6832
4050
9445
9843
1718
6567
2233
9398
4188
2092
151
145
2532
1409
6458
6538
4411
2647
7749
2546
8394
4819
7756
3024
6682
5853
7999
232
4958
4295
9250
3464
9879
5288
1841
2536
6124
3
3150
9697
3876
7384
9067
17
358
5318
9362
723
9033
6672
7798
9589
5116
5444
9049
1943
841
2908
7439
2960
5087
8883
9374
3885
8160
731
4943
3541
5041
8435
673
8653
7490
9193
7417
3451
5604
9561
5308
4790
1527
3735
373
6085
5591
7986
35
8247
2452
9718
7987
8789
3024
8081
3439
2293
2057
4438
6784
7918
8291
6522
1057
5820
1879
5739
7291
192
6402
124
3313
9051
9383
6353
7705
1272
5519
6614
7728
2313
6103
583
8048
9833
6569
4404
6602
5878
1293
8870
6618
7902
1375
2006
3872
6349
8934
2565
4995
9495
3650
8105
6003
7802
1586
7133
7073
2196
3455
6995
1876
7577
4009
570
1059
5010
7462
4172
697
1495
2771
1023
1376
3386
6046
3203
2149
2207
3766
4198
2116
6184
304
2348
2723
604
1414
8259
5022
4267
7708
8621
9378
803
1446
1465
6535
4611
3781
2201
2772
8627
7521
8298
2900
6141
333
7674
6677
8833
1831
1942
3622
8886
3
594
4978
666
2086
8310
3128
6078
2168
9850
9581
4933
1823
6434
9297
9431
9711
1399
9353
5605
4585
2178
4448
5744
621
2517
6839
2772
2062
6699
2269
219
16
4836
7836
6183
718
7457
1985
6530
1778
3457
8405
9385
3184
6051
4743
8922
9638
526
4036
3408
3430
5724
2975
9051
8021
8720
6038
7949
1860
6849
9803
4085
7135
9569
6821
784
3981
6893
4405
5578
4697
4481
3217
2999
4112
2606
691
8310
6490
3154
7434
5036
9157
2472
1924
5639
8535
8187
9056
7914
5673
611
8755
3617
715
4722
6945
8781
6145
2633
150
1346
8224
9572
4880
9105
5973
3412
1132
7843
7962
7100
9384
6747
3482
6306
8103
2914
2841
7546
1516
9804
2945
2424
86
670
6085
9666
8777
8553
9213
6201
6164
1031
8353
6850
5911
6177
2583
25
5350
4674
2194
8877
6229
3961
1030
1384
1398
7053
9406
8474
9361
9200
2201
3687
9124
2361
8240
7176
8438
7587
5493
354
3640
7793
1187
104
9932
1425
4648
1557
7892
6720
1792
4833
3622
2903
6021
6208
2775
4124
898
3117
9331
9256
126
8876
9159
9769
1912
7043
584
63
8653
8681
7218
7424
9032
3640
1725
81
2626
3507
7651
6695
1535
587
236
2082
3848
3989
4193
5024
6019
6110
9665
6420
3490
7394
4224
1398
4938
4085
1305
5866
3002
4880
3702
1102
9563
3499
5809
9032
4367
8244
7604
6404
1542
1823
3292
3071
7258
290
4237
259
116
3569
3227
545
1745
4874
4585
9728
7686
5873
8049
8868
31
8985
1800
9681
7620
1632
9445
797
3924
8824
3926
5285
2728
9145
4380
9801
1649
8405
8271
367
1582
9261
6400
4938
7746
905
6505
212
9383
2270
4897
1906
4126
370
8815
4178
6707
6499
3930
5084
6118
6112
6779
8221
4579
2125
5084
306
1150
7468
8858
1966
317
5426
7816
3443
4268
5190
2284
8696
7875
5293
5490
662
1525
771
7043
8081
6987
3871
856
7722
4972
1362
5699
5213
6464
8565
1428
1058
6224
4019
9720
7689
2883
6433
2710
9118
9936
906
3829
4259
4542
5410
3709
2243
6273
1986
2784
2637
3050
4321
4862
4926
9695
8779
7794
9440
6384
8543
2956
5118
1987
9773
8800
9483
9046
6458
771
7447
757
2505
4242
6675
4393
6859
6659
4047
9865
227
3500
4245
2317
5533
7184
8901
8678
1039
9557
8363
7981
5869
6485
3127
5570
1957
968
6535
4426
7372
2792
269
1118
1526
6783
8618
6542
5927
474
4461
9183
243
8265
9274
3041
638
8212
3402
6178
8515
592
4745
3152
5882
6799
5441
5790
1545
4238
5621
2972
2189
4811
2793
964
3294
3177
8368
6436
8391
6619
8615
3970
606
3523
6168
5904
8158
3203
2877
5759
6285
8326
6253
8119
1400
3972
219
198
2043
9938
3857
2980
9601
4079
3423
8758
1826
8802
4683
7556
4081
4796
257
5335
4256
1264
6204
9564
5121
2565
1685
6832
4050
9445
9843
1718
6567
2233
9398
4188
2092
151
145
2532
1409
6458
6538
4411
2647
7749
2546
8394
4819
7756
3024
6682
5853
7999
232
4958
4295
9250
3464
9879
5288
1841
2536
6124
3
3150
9697
3876
7384
9067
17
358
5318
9362
723
9033
6672
7798
9589
5116
5444
9049
1943
841
2908
7439
2960
5087
8883
9374
3885
8160
731
4943
3541
5041
8435
673
8653
7490
9193
7417
3451
5604
9561
5308
4790
1527
3735
373
6085
5591
7986
35
8247
2452
9718
7987
8789
3024
8081
3439
2293
2057
4438
6784
7918
8291
6522
1057
5820
1879
5739
7291
192
6402
124
3313
9051
9383
6353
7705
1272
5519
6614
7728
2313
6103
583
8048
9833
6569
4404
6602
5878
1293
8870
6618
7902
1375
2006
3872
6349
8934
2565
4995
9495
3650
8105
6003
7802
1586
7133
7073
2196
3455
6995
1876
7577
4009
570
1059
5010
7462
4172
697
1495
2771
1023
1376
3386
6046
3203
2149
2207
3766
4198
2116
6184
304
2348
2723
604
1414
8259
5022
4267
7708
8621
9378
803
1446
1465
6535
4611
3781
2201
2772
8627
7521
8298
2900
6141
333
7674
6677
8833
1831
1942
3622
8886
3
594
4978
666
2086
8310
3128
6078
2168
9850
9581
4933
1823
6434
9297
9431
9711
1399
9353
5605
4585
2178
4448
5744
621
2517
6839
2772
2062
6699
2269
219
16
4836
7836
6183
718
7457
1985
6530
1778
3457
8405
9385
3184
6051
4743
8922
9638
526
4036
3408
3430
5724
2975
9051
8021
8720
6038
7949
1860
6849
9803
4085
7135
9569
6821
784
3981
6893
4405
5578
4697
4481
3217
2999
4112
2606
691
8310
6490
3154
7434
5036
9157
2472
1924
5639
8535
8187
9056
7914
5673
611
8755
3617
715
4722
6945
8781
6145
2633
150
1346
8224
9572
4880
9105
5973
3412
1132
7843
7962
7100
9384
6747
3482
6306
8103
2914
2841
7546
1516
9804
2945
2424
86
670
6085
9666
8777
8553
9213
6201
6164
1031
8353
6850
5911
6177
2583
25
5350
4674
2194
8877
6229
3961
1030
1384
1398
7053
9406
8474
9361
9200
2201
3687
9124
2361
8240
7176
8438
7587
5493
354
3640
7793
1187
104
9932
1425
4648
1557
7892
6720
1792
4833
3622
2903
6021
6208
2775
4124
898
3117
9331
9256
126
8876
9159
9769
1912
7043
584
63
8653
8681
7218
7424
9032
3640
1725
81
2626
3507
7651
6695
1535
587
236
2082
3848
3989
4193
5024
6019
6110
9665
6420
3490
7394
4224
1398
4938
4085
1305
5866
3002
4880
3702
1102
9563
3499
5809
9032
4367
8244
7604
6404
1542
1823
3292
3071
7258
290
4237
259
116
3569
3227
545
1745
4874
4585
9728
7686
5873
8049
8868
31
8985
1800
9681
7620
1632
9445
797
3924
8824
3926
5285
2728
9145
4380
9801
1649
8405
8271
367
1582
9261
6400
4938
7746
905
6505
212
9383
2270
4897
1906
4126
370
8815
4178
6707
6499
3930
5084
6118
6112
6779
8221
4579
2125
5084
306
1150
7468
8858
1966
317
5426
7816
3443
4268
5190
2284
8696
7875
5293
5490
662
1525
771
7043
8081
6987
3871
856
7722
4972
1362
5699
5213
6464
8565
1428
1058
6224
4019
9720
7689
2883
6433
2710
9118
9936
906
3829
4259
4542
5410
3709
2243
6273
1986
2784
2637
3050
4321
4862
4926
9695
8779
7794
9440
6384
8543
2956
5118
1987
9773
8800
9483
9046
6458
771
7447
757
2505
4242
6675
4393
6859
6659
4047
9865
227
3500
4245
2317
5533
7184
8901
8678
1039
9557
8363
7981
5869
6485
3127
5570
1957
968
6535
4426
7372
2792
269
1118
1526
6783
8618
6542
5927
474
4461
9183
243
8265
9274
3041
638
8212
3402
6178
8515
592
4745
3152
5882
6799
5441
5790
1545
4238
5621
2972
2189
4811
2793
964
3294
3177
8368
6436
8391
6619
8615
3970
606
3523
6168
5904
8158
3203
2877
5759
6285
8326
6253
8119
1400
3972
219
198
2043
9938
3857
2980
9601
4079
3423
8758
1826
8802
4683
7556
4081
4796
257
5335
4256
1264
6204
9564
5121
2565
1685
6832
4050
9445
9843
1718
6567
2233
9398
4188
2092
151
145
2532
1409
6458
6538
4411
2647
7749
2546
8394
4819
7756
3024
6682
5853
7999
232
4958
4295
9250
3464
9879
5288
1841
2536
6124
3
3150
9697
3876
7384
9067
17
358
5318
9362
723
9033
6672
7798
9589
5116
5444
9049
1943
841
2908
7439
2960
5087
8883
9374
3885
8160
731
4943
3541
5041
8435
673
8653
7490
9193
7417
3451
5604
9561
5308
4790
1527
3735
373
6085
5591
7986
35
8247
2452
9718
7987
8789
3024
8081
3439
2293
2057
4438
6784
7918
8291
6522
1057
5820
1879
5739
7291
192
6402
124
3313
9051
9383
6353
7705
1272
5519
6614
7728
2313
6103
583
8048
9833
6569
4404
6602
5878
1293
8870
6618
7902
1375
2006
3872
6349
8934
2565
4995
9495
3650
8105
6003
7802
1586
7133
7073
2196
3455
6995
1876
7577
4009
570
1059
5010
7462
4172
697
1495
2771
1023
1376
3386
6046
3203
2149
2207
3766
4198
2116
6184
304
2348
2723
604
1414
8259
5022
4267
7708
8621
9378
803
1446
1465
6535
4611
3781
2201
2772
8627
7521
8298
2900
6141
333
7674
6677
8833
1831
1942
3622
8886
3
594
4978
666
2086
8310
3128
6078
2168
9850
9581
4933
1823
6434
9297
9431
9711
1399
9353
5605
4585
2178
4448
5744
621
2517
6839
2772
2062
6699
2269
219
16
4836
7836
6183
718
7457
1985
6530
1778
3457
8405
9385
3184
6051
4743
8922
9638
526
4036
3408
3430
5724
2975
9051
8021
8720
6038
7949
1860
6849
9803
4085
7135
9569
6821
784
3981
6893
4405
5578
4697
4481
3217
2999
4112
2606
691
8310
6490
3154
7434
5036
9157
2472
1924
5639
8535
8187
9056
7914
5673
611
8755
3617
715
4722
6945
8781
6145
2633
150
1346
8224
9572
4880
9105
5973
3412
1132
7843
7962
7100
9384
6747
3482
6306
8103
2914
2841
7546
1516
9804
2945
2424
86
670
6085
9666
8777
8553
9213
6201
6164
1031
8353
6850
5911
6177
2583
25
5350
4674
2194
8877
6229
3961
1030
1384
1398
7053
9406
8474
9361
9200
2201
3687
9124
2361
8240
7176
8438
7587
5493
354
3640
7793
1187
104
9932
1425
4648
1557
7892
6720
1792
4833
3622
2903
6021
6208
2775
4124
898
3117
9331
9256
126
8876
9159
9769
1912
7043
584
63
8653
8681
7218
7424
9032
3640
1725
81
2626
3507
7651
6695
1535
587
236
2082
3848
3989
4193
5024
6019
6110
9665
6420
3490
7394
4224
1398
4938
4085
1305
5866
3002
4880
3702
1102
9563
3499
5809
9032
4367
8244
7604
6404
1542
1823
3292
3071
7258
290
4237
259
116
3569
3227
545
1745
4874
4585
9728
7686
5873
8049
8868
31
8985
1800
9681
7620
1632
9445
797
3924
8824
3926
5285
2728
9145
4380
9801
1649
8405
8271
367
1582
9261
6400
4938
7746
905
6505
212
9383
2270
4897
1906
4126
370
8815
4178
6707
6499
3930
5084
6118
6112
6779
8221
4579
2125
5084
306
1150
7468
8858
1966
317
5426
7816
3443
4268
5190
2284
8696
7875
5293
5490
662
1525
771
7043
8081
6987
3871
856
7722
4972
1362
5699
5213
6464
8565
1428
1058
6224
4019
9720
7689
2883
6433
2710
9118
9936
906
3829
4259
4542
5410
3709
2243
6273
1986
2784
2637
3050
4321
4862
4926
9695
8779
7794
9440
6384
8543
2956
5118
1987
9773
8800
9483
9046
6458
771
7447
757
2505
4242
6675
4393
6859
6659
4047
9865
227
3500
4245
2317
5533
7184
8901
8678
1039
9557
8363
7981
5869
6485
3127
5570
1957
968
6535
4426
7372
2792
269
1118
1526
6783
8618
6542
5927
474
4461
9183
243
8265
9274
3041
638
8212
3402
6178
8515
592
4745
3152
5882
6799
5441
5790
1545
4238
5621
2972
2189
4811
2793
964
3294
3177
8368
6436
8391
6619
8615
3970
606
3523
6168
5904
8158
3203
2877
5759
6285
8326
6253
8119
1400
3972
219
198
2043
9938
3857
2980
9601
4079
3423
8758
1826
8802
4683
7556
4081
4796
257
5335
4256
1264
6204
9564
5121
2565
1685
6832
4050
9445
9843
1718
6567
2233
9398
4188
2092
151
145
2532
1409
6458
6538
4411
2647
7749
2546
8394
4819
7756
3024
6682
5853
7999
232
4958
4295
9250
3464
9879
5288
1841
2536
6124
3
3150
9697
3876
7384
9067
17
358
5318
9362
723
9033
6672
7798
9589
5116
5444
9049
1943
841
2908
7439
2960
5087
8883
9374
3885
8160
731
4943
3541
5041
8435
673
8653
7490
9193
7417
3451
5604
9561
5308
4790
1527
3735
373
6085
5591
7986
35
8247
2452
9718
7987
8789
3024
8081
3439
2293
2057
4438
6784
7918
8291
6522
1057
5820
1879
5739
7291
192
6402
124
3313
9051
9383
6353
7705
1272
5519
6614
7728
2313
6103
583
8048
9833
6569
4404
6602
5878
1293
8870
6618
7902
1375
2006
3872
6349
8934
2565
4995
9495
3650
8105
6003
7802
1586
7133
7073
2196
3455
6995
1876
7577
4009
570
1059
5010
7462
4172
697
1495
2771
1023
1376
3386
6046
3203
2149
2207
3766
4198
2116
6184
304
2348
2723
604
1414
8259
5022
4267
7708
8621
9378
803
1446
1465
6535
4611
3781
2201
2772
8627
7521
8298
2900
6141
333
7674
6677
8833
1831
1942
3622
8886
3
594
4978
666
2086
8310
3128
6078
2168
9850
9581
4933
1823
6434
9297
9431
9711
1399
9353
5605
4585
2178
4448
5744
621
2517
6839
2772
2062
6699
2269
219
16
4836
7836
6183
718
7457
1985
6530
1778
3457
8405
9385
3184
6051
4743
8922
9638
526
4036
3408
3430
5724
2975
9051
8021
8720
6038
7949
1860
6849
9803
4085
7135
9569
6821
784
3981
6893
4405
5578
4697
4481
3217
2999
4112
2606
691
8310
6490
3154
7434
5036
9157
2472
1924
5639
8535
8187
9056
7914
5673
611
8755
3617
715
4722
6945
8781
6145
2633
150
1346
8224
9572
4880
9105
5973
3412
1132
7843
7962
7100
9384
6747
3482
6306
8103
2914
2841
7546
1516
9804
2945
2424
86
670
6085
9666
8777
8553
9213
6201
6164
1031
8353
6850
5911
6177
2583
25
5350
4674
2194
8877
6229
3961
1030
1384
1398
7053
9406
8474
9361
9200
2201
3687
9124
2361
8240
7176
8438
7587
5493
354
3640
7793
1187
104
9932
1425
4648
1557
7892
6720
1792
4833
3622
2903
6021
6208
2775
4124
898
3117
9331
9256
126
8876
9159
9769
1912
7043
584
63
8653
8681
7218
7424
9032
3640
1725
81
2626
3507
7651
6695
1535
587
236
2082
3848
3989
4193
5024
6019
6110
9665
6420
3490
7394
4224
1398
4938
4085
1305
5866
3002
4880
3702
1102
9563
3499
5809
9032
4367
8244
7604
6404
1542
1823
3292
3071
7258
290
4237
259
116
3569
3227
545
1745
4874
4585
9728
7686
5873
8049
8868
31
8985
1800
9681
7620
1632
9445
797
3924
8824
3926
5285
2728
9145
4380
9801
1649
8405
8271
367
1582
9261
6400
4938
7746
905
6505
212
9383
2270
4897
1906
4126
370
8815
4178
6707
6499
3930
5084
6118
6112
6779
8221
4579
2125
5084
306
1150
7468
8858
1966
317
5426
7816
3443
4268
5190
2284
8696
7875
5293
5490
662
1525
771
7043
8081
6987
3871
856
7722
4972
1362
5699
5213
6464
8565
1428
1058
6224
4019
9720
7689
2883
6433
2710
9118
9936
906
3829
4259
4542
5410
3709
2243
6273
1986
2784
2637
3050
4321
4862
4926
9695
8779
7794
9440
6384
8543
2956
5118
1987
9773
8800
9483
9046
6458
771
7447
757
2505
4242
6675
4393
6859
6659
4047
9865
227
3500
4245
2317
5533
7184
8901
8678
1039
9557
8363
7981
5869
6485
3127
5570
1957
968
6535
4426
7372
2792
269
1118
1526
6783
8618
6542
5927
474
4461
9183
243
8265
9274
3041
638
8212
3402
6178
8515
592
4745
3152
5882
6799
5441
5790
1545
4238
5621
2972
2189
4811
2793
964
3294
3177
8368
6436
8391
6619
8615
3970
606
3523
6168
5904
8158
3203
2877
5759
6285
8326
6253
8119
1400
3972
219
198
2043
9938
3857
2980
9601
4079
3423
8758
1826
8802
4683
7556
4081
4796
257
5335
4256
1264
6204
9564
5121
2565
1685
6832
4050
9445
9843
1718
6567
2233
9398
4188
2092
151
145
2532
1409
6458
6538
4411
2647
7749
2546
8394
4819
7756
3024
6682
5853
7999
232
4958
4295
9250
3464
9879
5288
1841
2536
6124
3
3150
9697
3876
7384
9067
17
358
5318
9362
723
9033
6672
7798
9589
5116
5444
9049
1943
841
2908
7439
2960
5087
8883
9374
3885
8160
731
4943
3541
5041
8435
673
8653
7490
9193
7417
3451
5604
9561
5308
4790
1527
3735
373
6085
5591
7986
35
8247
2452
9718
7987
8789
3024
8081
3439
2293
2057
4438
6784
7918
8291
6522
1057
5820
1879
5739
7291
192
6402
124
3313
9051
9383
6353
7705
1272
5519
6614
7728
2313
6103
583
8048
9833
6569
4404
6602
5878
1293
8870
6618
7902
1375
2006
3872
6349
8934
2565
4995
9495
3650
8105
6003
7802
1586
7133
7073
2196
3455
6995
1876
7577
4009
570
1059
5010
7462
4172
697
1495
2771
1023
1376
3386
6046
3203
2149
2207
3766
4198
2116
6184
304
2348
2723
604
1414
8259
5022
4267
7708
8621
9378
803
1446
1465
6535
4611
3781
2201
2772
8627
7521
8298
2900
6141
333
7674
6677
8833
1831
1942
3622
8886
3
594
4978
666
2086
8310
3128
6078
2168
9850
9581
4933
1823
6434
9297
9431
9711
1399
9353
5605
4585
2178
4448
5744
621
2517
6839
2772
2062
6699
2269
219
16
4836
7836
6183
718
7457
1985
6530
1778
3457
8405
9385
3184
6051
4743
8922
9638
526
4036
3408
3430
5724
2975
9051
8021
8720
6038
7949
1860
6849
9803
4085
7135
9569
6821
784
3981
6893
4405
5578
4697
4481
3217
2999
4112
2606
691
8310
6490
3154
7434
5036
9157
2472
1924
5639
8535
8187
9056
7914
5673
611
8755
3617
715
4722
6945
8781
6145
2633
150
1346
8224
9572
4880
9105
5973
3412
1132
7843
7962
7100
9384
6747
3482
6306
8103
2914
2841
7546
1516
9804
2945
2424
86
670
6085
9666
8777
8553
9213
6201
6164
1031
8353
6850
5911
6177
2583
25
5350
4674
2194
8877
6229
3961
1030
1384
1398
7053
9406
8474
9361
9200
2201
3687
9124
2361
8240
7176
8438
7587
5493
354
3640
7793
1187
104
9932
1425
4648
1557
7892
6720
1792
4833
3622
2903
6021
6208
2775
4124
898
3117
9331
9256
126
8876
9159
9769
1912
7043
584
63
8653
8681
7218
7424
9032
3640
1725
81
2626
3507
7651
6695
1535
587
236
2082
3848
3989
4193
5024
6019
6110
9665
6420
3490
7394
4224
1398
4938
4085
1305
5866
3002
4880
3702
1102
9563
3499
5809
9032
4367
8244
7604
6404
1542
1823
3292
3071
7258
290
4237
259
116
3569
3227
545
1745
4874
4585
9728
7686
5873
8049
8868
31
8985
1800
9681
7620
1632
9445
797
3924
8824
3926
5285
2728
9145
4380
9801
1649
8405
8271
367
1582
9261
6400
4938
7746
905
6505
212
9383
2270
4897
1906
4126
370
8815
4178
6707
6499
3930
5084
6118
6112
6779
8221
4579
2125
5084
306
1150
7468
8858
1966
317
5426
7816
3443
4268
5190
2284
8696
7875
5293
5490
662
1525
771
7043
8081
6987
3871
856
7722
4972
1362
5699
5213
6464
8565
1428
1058
6224
4019
9720
7689
2883
6433
2710
9118
9936
906
3829
4259
4542
5410
3709
2243
6273
1986
2784
2637
3050
4321
4862
4926
9695
8779
7794
9440
6384
8543
2956
5118
1987
9773
8800
9483
9046
6458
771
7447
757
2505
4242
6675
4393
6859
6659
4047
9865
227
3500
4245
2317
5533
7184
8901
8678
1039
9557
8363
7981
5869
6485
3127
5570
1957
968
6535
4426
7372
2792
269
1118
1526
6783
8618
6542
5927
474
4461
9183
243
8265
9274
3041
638
8212
3402
6178
8515
592
4745
3152
5882
6799
5441
5790
1545
4238
5621
2972
2189
4811
2793
964
3294
3177
8368
6436
8391
6619
8615
3970
606
3523
6168
5904
8158
3203
2877
5759
6285
8326
6253
8119
1400
3972
219
198
2043
9938
3857
2980
9601
4079
3423
8758
1826
8802
4683
7556
4081
4796
257
5335
4256
1264
6204
9564
5121
2565
1685
6832
4050
9445
9843
1718
6567
2233
9398
4188
2092
151
145
2532
1409
6458
6538
4411
2647
7749
2546
8394
4819
7756
3024
6682
5853
7999
232
4958
4295
9250
3464
9879
5288
1841
2536
6124
3
3150
9697
3876
7384
9067
17
358
5318
9362
723
9033
6672
7798
9589
5116
5444
9049
1943
841
2908
7439
2960
5087
8883
9374
3885
8160
731
4943
3541
5041
8435
673
8653
7490
9193
7417
3451
5604
9561
5308
4790
1527
3735
373
6085
5591
7986
35
8247
2452
9718
7987
8789
3024
8081
3439
2293
2057
4438
6784
7918
8291
6522
1057
5820
1879
5739
7291
192
6402
124
3313
9051
9383
6353
7705
1272
5519
6614
7728
2313
6103
583
8048
9833
6569
4404
6602
5878
1293
8870
6618
7902
1375
2006
3872
6349
8934
2565
4995
9495
3650
8105
6003
7802
1586
7133
7073
2196
3455
6995
1876
7577
4009
570
1059
5010
7462
4172
697
1495
2771
1023
1376
3386
6046
3203
2149
2207
3766
4198
2116
6184
304
2348
2723
604
1414
8259
5022
4267
7708
8621
9378
803
1446
1465
6535
4611
3781
2201
2772
8627
7521
8298
2900
6141
333
7674
6677
8833
1831
1942
3622
8886
3
594
4978
666
2086
8310
3128
6078
2168
9850
9581
4933
1823
6434
9297
9431
9711
1399
9353
5605
4585
2178
4448
5744
621
2517
6839
2772
2062
6699
2269
219
16
4836
7836
6183
718
7457
1985
6530
1778
3457
8405
9385
3184
6051
4743
8922
9638
526
4036
3408
3430
5724
2975
9051
8021
8720
6038
7949
1860
6849
9803
4085
7135
9569
6821
784
3981
6893
4405
5578
4697
4481
3217
2999
4112
2606
691
8310
6490
3154
7434
5036
9157
2472
1924
5639
8535
8187
9056
7914
5673
611
8755
3617
715
4722
6945
8781
6145
2633
150
1346
8224
9572
4880
9105
5973
3412
1132
7843
7962
7100
9384
6747
3482
6306
8103
2914
2841
7546
1516
9804
2945
2424
86
670
6085
9666
8777
8553
9213
6201
6164
1031
8353
6850
5911
6177
2583
25
5350
4674
2194
8877
6229
3961
1030
1384
1398
7053
9406
8474
9361
9200
2201
3687
9124
2361
8240
7176
8438
7587
5493
354
3640
7793
1187
104
9932
1425
4648
1557
7892
6720
1792
4833
3622
2903
6021
6208
2775
4124
898
3117
9331
9256
126
8876
9159
9769
1912
7043
584
63
8653
8681
7218
7424
9032
3640
1725
81
2626
3507
7651
6695
1535
587
236
2082
3848
3989
4193
5024
6019
6110
9665
6420
3490
7394
4224
1398
4938
4085
1305
5866
3002
4880
3702
1102
9563
3499
5809
9032
4367
8244
7604
6404
1542
1823
3292
3071
7258
290
4237
259
116
3569
3227
545
1745
4874
4585
9728
7686
5873
8049
8868
31
8985
1800
9681
7620
1632
9445
797
3924
8824
3926
5285
2728
9145
4380
9801
1649
8405
8271
367
1582
9261
6400
4938
7746
905
6505
212
9383
2270
4897
1906
4126
370
8815
4178
6707
6499
3930
5084
6118
6112
6779
8221
4579
2125
5084
306
1150
7468
8858
1966
317
5426
7816
3443
4268
5190
2284
8696
7875
5293
5490
662
1525
771
7043
8081
6987
3871
856
7722
4972
1362
5699
5213
6464
8565
1428
1058
6224
4019
9720
7689
2883
6433
2710
9118
9936
906
3829
4259
4542
5410
3709
2243
6273
1986
2784
2637
3050
4321
4862
4926
9695
8779
7794
9440
6384
8543
2956
5118
1987
9773
8800
9483
9046
6458
771
7447
757
2505
4242
6675
4393
6859
6659
4047
9865
227
3500
4245
2317
5533
7184
8901
8678
1039
9557
8363
7981
5869
6485
3127
5570
1957
968
6535
4426
7372
2792
269
1118
1526
6783
8618
6542
5927
474
4461
9183
243
8265
9274
3041
638
8212
3402
6178
8515
592
4745
3152
5882
6799
5441
5790
1545
4238
5621
2972
2189
4811
2793
964
3294
3177
8368
6436
8391
6619
8615
3970
606
3523
6168
5904
8158
3203
2877
5759
6285
8326
6253
8119
1400
3972
219
198
2043
9938
3857
2980
9601
4079
3423
8758
1826
8802
4683
7556
4081
4796
257
5335
4256
1264
6204
9564
5121
2565
1685
6832
4050
9445
9843
1718
6567
2233
9398
4188
2092
151
145
2532
1409
6458
6538
4411
2647
7749
2546
8394
4819
7756
3024
6682
5853
7999
232
4958
4295
9250
3464
9879
5288
1841
2536
6124
3
3150
9697
3876
7384
9067
17
358
5318
9362
723
9033
6672
7798
9589
5116
5444
9049
1943
841
2908
7439
2960
5087
8883
9374
3885
8160
731
4943
3541
5041
8435
673
8653
7490
9193
7417
3451
5604
9561
5308
4790
1527
3735
373
6085
5591
7986
35
8247
2452
9718
7987
8789
3024
8081
3439
2293
2057
4438
6784
7918
8291
6522
1057
5820
1879
5739
7291
192
6402
124
3313
9051
9383
6353
7705
1272
5519
6614
7728
2313
6103
583
8048
9833
6569
4404
6602
5878
1293
8870
6618
7902
1375
2006
3872
6349
8934
2565
4995
9495
3650
8105
6003
7802
1586
7133
7073
2196
3455
6995
1876
7577
4009
570
1059
5010
7462
4172
697
1495
2771
1023
1376
3386
6046
3203
2149
2207
3766
4198
2116
6184
304
2348
2723
604
1414
8259
5022
4267
7708
8621
9378
803
1446
1465
6535
4611
3781
2201
2772
8627
7521
8298
2900
6141
333
7674
6677
8833
1831
1942
3622
8886
3
594
4978
666
2086
8310
3128
6078
2168
9850
9581
4933
1823
6434
9297
9431
9711
1399
9353
5605
4585
2178
4448
5744
621
2517
6839
2772
2062
6699
2269
219
16
4836
7836
6183
718
7457
1985
6530
1778
3457
8405
9385
3184
6051
4743
8922
9638
526
4036
3408
3430
5724
2975
9051
8021
8720
6038
7949
1860
6849
9803
4085
7135
9569
6821
784
3981
6893
4405
5578
4697
4481
3217
2999
4112
2606
691
8310
6490
3154
7434
5036
9157
2472
1924
5639
8535
8187
9056
7914
5673
611
8755
3617
715
4722
6945
8781
6145
2633
150
1346
8224
9572
4880
9105
5973
3412
1132
7843
7962
7100
9384
6747
3482
6306
8103
2914
2841
7546
1516
9804
2945
2424
86
670
6085
9666
8777
8553
9213
6201
6164
1031
8353
6850
5911
6177
2583
25
5350
4674
2194
8877
6229
3961
1030
1384
1398
7053
9406
8474
9361
9200
2201
3687
9124
2361
8240
7176
8438
7587
5493
354
3640
7793
1187
104
9932
1425
4648
1557
7892
6720
1792
4833
3622
2903
6021
6208
2775
4124
898
3117
9331
9256
126
8876
9159
9769
1912
7043
584
63
8653
8681
7218
7424
9032
3640
1725
81
2626
3507
7651
6695
1535
587
236
2082
3848
3989
4193
5024
6019
6110
9665
6420
3490
7394
4224
1398
4938
4085
1305
5866
3002
4880
3702
1102
9563
3499
5809
9032
4367
8244
7604
6404
1542
1823
3292
3071
7258
290
4237
259
116
3569
3227
545
1745
4874
4585
9728
7686
5873
8049
8868
31
8985
1800
9681
7620
1632
9445
797
3924
8824
3926
5285
2728
9145
4380
9801
1649
8405
8271
367
1582
9261
6400
4938
7746
905
6505
212
9383
2270
4897
1906
4126
370
8815
4178
6707
6499
3930
5084
6118
6112
6779
8221
4579
2125
5084
306
1150
7468
8858
1966
317
5426
7816
3443
4268
5190
2284
8696
7875
5293
5490
662
1525
771
7043
8081
6987
3871
856
7722
4972
1362
5699
5213
6464
8565
1428
1058
6224
4019
9720
7689
2883
6433
2710
9118
9936
906
3829
4259
4542
5410
3709
2243
6273
1986
2784
2637
3050
4321
4862
4926
9695
8779
7794
9440
6384
8543
2956
5118
1987
9773
8800
9483
9046
6458
771
7447
757
2505
4242
6675
4393
6859
6659
4047
9865
227
3500
4245
2317
5533
7184
8901
8678
1039
9557
8363
7981
5869
6485
3127
5570
1957
968
6535
4426
7372
2792
269
1118
1526
6783
8618
6542
5927
474
4461
9183
243
8265
9274
3041
638
8212
3402
6178
8515
592
4745
3152
5882
6799
5441
5790
1545
4238
5621
2972
2189
4811
2793
964
3294
3177
8368
6436
8391
6619
8615
3970
606
3523
6168
5904
8158
3203
2877
5759
6285
8326
6253
8119
1400
3972
219
198
2043
9938
3857
2980
9601
4079
3423
8758
1826
8802
4683
7556
4081
4796
257
5335
4256
1264
6204
9564
5121
2565
1685
6832
4050
9445
9843
1718
6567
2233
9398
4188
2092
151
145
2532
1409
6458
6538
4411
2647
7749
2546
8394
4819
7756
3024
6682
5853
7999
232
4958
4295
9250
3464
9879
5288
1841
2536
6124
3
3150
9697
3876
7384
9067
17
358
5318
9362
723
9033
6672
7798
9589
5116
5444
9049
1943
841
2908
7439
2960
5087
8883
9374
3885
8160
731
4943
3541
5041
8435
673
8653
7490
9193
7417
3451
5604
9561
5308
4790
1527
3735
373
6085
5591
7986
35
8247
2452
9718
7987
8789
3024
8081
3439
2293
2057
4438
6784
7918
8291
6522
1057
5820
1879
5739
7291
192
6402
124
3313
9051
9383
6353
7705
1272
5519
6614
7728
2313
6103
583
8048
9833
6569
4404
6602
5878
1293
8870
6618
7902
1375
2006
3872
6349
8934
2565
4995
9495
3650
8105
6003
7802
1586
7133
7073
2196
3455
6995
1876
7577
4009
570
1059
5010
7462
4172
697
1495
2771
1023
1376
3386
6046
3203
2149
2207
3766
4198
2116
6184
304
2348
2723
604
1414
8259
5022
4267
7708
8621
9378
803
1446
1465
6535
4611
3781
2201
2772
8627
7521
8298
2900
6141
333
7674
6677
8833
1831
1942
3622
8886
3
594
4978
666
2086
8310
3128
6078
2168
9850
9581
4933
1823
6434
9297
9431
9711
1399
9353
5605
4585
2178
4448
5744
621
2517
6839
2772
2062
6699
2269
219
16
4836
7836
6183
718
7457
1985
6530
1778
3457
8405
9385
3184
6051
4743
8922
9638
526
4036
3408
3430
5724
2975
9051
8021
8720
6038
7949
1860
6849
9803
4085
7135
9569
6821
784
3981
6893
4405
5578
4697
4481
3217
2999
4112
2606
691
8310
6490
3154
7434
5036
9157
2472
1924
5639
8535
8187
9056
7914
5673
611
8755
3617
715
4722
6945
8781
6145
2633
150
1346
8224
9572
4880
9105
5973
3412
1132
7843
7962
7100
9384
6747
3482
6306
8103
2914
2841
7546
1516
9804
2945
2424
86
670
6085
9666
8777
8553
9213
6201
6164
1031
8353
6850
5911
6177
2583
25
5350
4674
2194
8877
6229
3961
1030
1384
1398
7053
9406
8474
9361
9200
2201
3687
9124
2361
8240
7176
8438
7587
5493
354
3640
7793
1187
104
9932
1425
4648
1557
7892
6720
1792
4833
3622
2903
6021
6208
2775
4124
898
3117
9331
9256
126
8876
9159
9769
1912
7043
584
63
8653
8681
7218
7424
9032
3640
1725
81
2626
3507
7651
6695
1535
587
236
2082
3848
3989
4193
5024
6019
6110
9665
6420
3490
7394
4224
1398
4938
4085
1305
5866
3002
4880
3702
1102
9563
3499
5809
9032
4367
8244
7604
6404
1542
1823
3292
3071
7258
290
4237
259
116
3569
3227
545
1745
4874
4585
9728
7686
5873
8049
8868
31
8985
1800
9681
7620
1632
9445
797
3924
8824
3926
5285
2728
9145
4380
9801
1649
8405
8271
367
1582
9261
6400
4938
7746
905
6505
212
9383
2270
4897
1906
4126
370
8815
4178
6707
6499
3930
5084
6118
6112
6779
8221
4579
2125
5084
306
1150
7468
8858
1966
317
5426
7816
3443
4268
5190
2284
8696
7875
5293
5490
662
1525
771
7043
8081
6987
3871
856
7722
4972
1362
5699
5213
6464
8565
1428
1058
6224
4019
9720
7689
2883
6433
2710
9118
9936
906
3829
4259
4542
5410
3709
2243
6273
1986
2784
2637
3050
4321
4862
4926
9695
8779
7794
9440
6384
8543
2956
5118
1987
9773
8800
9483
9046
6458
771
7447
757
2505
4242
6675
4393
6859
6659
4047
9865
227
3500
4245
2317
5533
7184
8901
8678
1039
9557
8363
7981
5869
6485
3127
5570
1957
968
6535
4426
7372
2792
269
1118
1526
6783
8618
6542
5927
474
4461
9183
243
8265
9274
3041
638
8212
3402
6178
8515
592
4745
3152
5882
6799
5441
5790
1545
4238
5621
2972
2189
4811
2793
964
3294
3177
8368
6436
8391
6619
8615
3970
606
3523
6168
5904
8158
3203
2877
5759
6285
8326
6253
8119
1400
3972
219
198
2043
9938
3857
2980
9601
4079
3423
8758
1826
8802
4683
7556
4081
4796
257
5335
4256
1264
6204
9564
5121
2565
1685
6832
4050
9445
9843
1718
6567
2233
9398
4188
2092
151
145
2532
1409
6458
6538
4411
2647
7749
2546
8394
4819
7756
3024
6682
5853
7999
232
4958
4295
9250
3464
9879
5288
1841
2536
6124
3
3150
9697
3876
7384
9067
17
358
5318
9362
723
9033
6672
7798
9589
5116
5444
9049
1943
841
2908
7439
2960
5087
8883
9374
3885
8160
731
4943
3541
5041
8435
673
8653
7490
9193
7417
3451
5604
9561
5308
4790
1527
3735
373
6085
5591
7986
35
8247
2452
9718
7987
8789
3024
8081
3439
2293
2057
4438
6784
7918
8291
6522
1057
5820
1879
5739
7291
192
6402
124
3313
9051
9383
6353
7705
1272
5519
6614
7728
2313
6103
583
8048
9833
6569
4404
6602
5878
1293
8870
6618
7902
1375
2006
3872
6349
8934
2565
4995
9495
3650
8105
6003
7802
1586
7133
7073
2196
3455
6995
1876
7577
4009
570
1059
5010
7462
4172
697
1495
2771
1023
1376
3386
6046
3203
2149
2207
3766
4198
2116
6184
304
2348
2723
604
1414
8259
5022
4267
7708
8621
9378
803
1446
1465
6535
4611
3781
2201
2772
8627
7521
8298
2900
6141
333
7674
6677
8833
1831
1942
3622
8886
3
594
4978
666
2086
8310
3128
6078
2168
9850
9581
4933
1823
6434
9297
9431
9711
1399
9353
5605
4585
2178
4448
5744
621
2517
6839
2772
2062
6699
2269
219
16
4836
7836
6183
718
7457
1985
6530
1778
3457
8405
9385
3184
6051
4743
8922
9638
526
4036
3408
3430
5724
2975
9051
8021
8720
6038
7949
1860
6849
9803
4085
7135
9569
6821
784
3981
6893
4405
5578
4697
4481
3217
2999
4112
2606
691
8310
6490
3154
7434
5036
9157
2472
1924
5639
8535
8187
9056
7914
5673
611
8755
3617
715
4722
6945
8781
6145
2633
150
1346
8224
9572
4880
9105
5973
3412
1132
7843
7962
7100
9384
6747
3482
6306
8103
2914
2841
7546
1516
9804
2945
2424
86
670
6085
9666
8777
8553
9213
6201
6164
1031
8353
6850
5911
6177
2583
25
5350
4674
2194
8877
6229
3961
1030
1384
1398
7053
9406
8474
9361
9200
2201
3687
9124
2361
8240
7176
8438
7587
5493
354
3640
7793
1187
104
9932
1425
4648
1557
7892
6720
1792
4833
3622
2903
6021
6208
2775
4124
898
3117
9331
9256
126
8876
9159
9769
1912
7043
584
63
8653
8681
7218
7424
9032
3640
1725
81
2626
3507
7651
6695
1535
587
236
2082
3848
3989
4193
5024
6019
6110
9665
6420
3490
7394
4224
1398
4938
4085
1305
5866
3002
4880
3702
1102
9563
3499
5809
9032
4367
8244
7604
6404
1542
1823
3292
3071
7258
290
4237
259
116
3569
3227
545
1745
4874
4585
9728
7686
5873
8049
8868
31
8985
1800
9681
7620
1632
9445
797
3924
8824
3926
5285
2728
9145
4380
9801
1649
8405
8271
367
1582
9261
6400
4938
7746
905
6505
212
9383
2270
4897
1906
4126
370
8815
4178
6707
6499
3930
5084
6118
6112
6779
8221
4579
2125
5084
306
1150
7468
8858
1966
317
5426
7816
3443
4268
5190
2284
8696
7875
5293
5490
662
1525
771
7043
8081
6987
3871
856
7722
4972
1362
5699
5213
6464
8565
1428
1058
6224
4019
9720
7689
2883
6433
2710
9118
9936
906
3829
4259
4542
5410
3709
2243
6273
1986
2784
2637
3050
4321
4862
4926
9695
8779
7794
9440
6384
8543
2956
5118
1987
9773
8800
9483
9046
6458
771
7447
757
2505
4242
6675
4393
6859
6659
4047
9865
227
3500
4245
2317
5533
7184
8901
8678
1039
9557
8363
7981
5869
6485
3127
5570
1957
968
6535
4426
7372
2792
269
1118
1526
6783
8618
6542
5927
474
4461
9183
243
8265
9274
3041
638
8212
3402
6178
8515
592
4745
3152
5882
6799
5441
5790
1545
4238
5621
2972
2189
4811
2793
964
3294
3177
8368
6436
8391
6619
8615
3970
606
3523
6168
5904
8158
3203
2877
5759
6285
8326
6253
8119
1400
3972
219
198
2043
9938
3857
2980
9601
4079
3423
8758
1826
8802
4683
7556
4081
4796
257
5335
4256
1264
6204
9564
5121
2565
1685
6832
4050
9445
9843
1718
6567
2233
9398
4188
2092
151
145
2532
1409
6458
6538
4411
2647
7749
2546
8394
4819
7756
3024
6682
5853
7999
232
4958
4295
9250
3464
9879
5288
1841
2536
6124
3
3150
9697
3876
7384
9067
17
358
5318
9362
723
9033
6672
7798
9589
5116
5444
9049
1943
841
2908
7439
2960
5087
8883
9374
3885
8160
731
4943
3541
5041
8435
673
8653
7490
9193
7417
3451
5604
9561
5308
4790
1527
3735
373
6085
5591
7986
35
8247
2452
9718
7987
8789
3024
8081
3439
2293
2057
4438
6784
7918
8291
6522
1057
5820
1879
5739
7291
192
6402
124
3313
9051
9383
6353
7705
1272
5519
6614
7728
2313
6103
583
8048
9833
6569
4404
6602
5878
1293
8870
6618
7902
1375
2006
3872
6349
8934
2565
4995
9495
3650
8105
6003
7802
1586
7133
7073
2196
3455
6995
1876
7577
4009
570
1059
5010
7462
4172
697
1495
2771
1023
1376
3386
6046
3203
2149
2207
3766
4198
2116
6184
304
2348
2723
604
1414
8259
5022
4267
7708
8621
9378
803
1446
1465
6535
4611
3781
2201
2772
8627
7521
8298
2900
6141
333
7674
6677
8833
1831
1942
3622
8886
3
594
4978
666
2086
8310
3128
6078
2168
9850
9581
4933
1823
6434
9297
9431
9711
1399
9353
5605
4585
2178
4448
5744
621
2517
6839
2772
2062
6699
2269
219
16
4836
7836
6183
718
7457
1985
6530
1778
3457
8405
9385
3184
6051
4743
8922
9638
526
4036
3408
3430
5724
2975
9051
8021
8720
6038
7949
1860
6849
9803
4085
7135
9569
6821
784
3981
6893
4405
5578
4697
4481
3217
2999
4112
2606
691
8310
6490
3154
7434
5036
9157
2472
1924
5639
8535
8187
9056
7914
5673
611
8755
3617
715
4722
6945
8781
6145
2633
150
1346
8224
9572
4880
9105
5973
3412
1132
7843
7962
7100
9384
6747
3482
6306
8103
2914
2841
7546
1516
9804
2945
2424
86
670
6085
9666
8777
8553
9213
6201
6164
1031
8353
6850
5911
6177
2583
25
5350
4674
2194
8877
6229
3961
1030
1384
1398
7053
9406
8474
9361
9200
2201
3687
9124
2361
8240
7176
8438
7587
5493